    N = 127;
    h[0]= 0.0006447;  h[1]=-0.0009519;  h[2]=-0.0025771;  h[3]= 0.0000000;  
    h[4]= 0.0026644;  h[5]= 0.0010175;  h[6]=-0.0007126;  h[7]= 0.0020046;  
    h[8]= 0.0047704;  h[9]= 0.0028613;  h[10]= 0.0008084; h[11]= 0.0034930; 
    h[12]= 0.0061953; h[13]= 0.0038197; h[14]= 0.0012512; h[15]= 0.0037841; 
    h[16]= 0.0063297; h[17]= 0.0033589; h[18]= 0.0001716; h[19]= 0.0025513; 
    h[20]= 0.0049774; h[21]= 0.0014052; h[22]=-0.0023768; h[23]= 0.0000000; 
    h[24]= 0.0024986; h[25]=-0.0015531; h[26]=-0.0057846; h[27]=-0.0031183; 
    h[28]=-0.0002207; h[29]=-0.0045444; h[30]=-0.0090150; h[31]=-0.0056762; 
    h[32]=-0.0019778; h[33]=-0.0063662; h[34]=-0.0108951; h[35]=-0.0064871; 
    h[36]=-0.0015869; h[37]=-0.0059427; h[38]=-0.0104949; h[39]=-0.0046774; 
    h[40]= 0.0017660; h[41]=-0.0026826; h[42]=-0.0074857; h[43]= 0.0000000; 
    h[44]= 0.0082737; h[45]= 0.0032788; h[46]=-0.0023893; h[47]= 0.0070162; 
    h[48]= 0.0174914; h[49]= 0.0110365; h[50]= 0.0032958; h[51]= 0.0151365; 
    h[52]= 0.0287235; h[53]= 0.0190986; h[54]= 0.0068123; h[55]= 0.0227048; 
    h[56]= 0.0424991; h[57]= 0.0257518; h[58]= 0.0015447; h[59]= 0.0280647; 
    h[60]= 0.0713433; h[61]= 0.0295089; h[62]=-0.0974472; h[63]= 0.6300000; 
    h[64]=-0.0974472; h[65]= 0.0295089; h[66]= 0.0713433; h[67]= 0.0280647; 
    h[68]= 0.0015447; h[69]= 0.0257518; h[70]= 0.0424991; h[71]= 0.0227048; 
    h[72]= 0.0068123; h[73]= 0.0190986; h[74]= 0.0287235; h[75]= 0.0151365; 
    h[76]= 0.0032958; h[77]= 0.0110365; h[78]= 0.0174914; h[79]= 0.0070162; 
    h[80]=-0.0023893; h[81]= 0.0032788; h[82]= 0.0082737; h[83]= 0.0000000; 
    h[84]=-0.0074857; h[85]=-0.0026826; h[86]= 0.0017660; h[87]=-0.0046774; 
    h[88]=-0.0104949; h[89]=-0.0059427; h[90]=-0.0015869; h[91]=-0.0064871; 
    h[92]=-0.0108951; h[93]=-0.0063662; h[94]=-0.0019778; h[95]=-0.0056762; 
    h[96]=-0.0090150; h[97]=-0.0045444; h[98]=-0.0002207; h[99]=-0.0031183; 
    h[100]=-0.0057846;h[101]=-0.0015531;h[102]= 0.0024986;h[103]= 0.0000000;
    h[104]=-0.0023768;h[105]= 0.0014052;h[106]= 0.0049774;h[107]= 0.0025513;
    h[108]= 0.0001716;h[109]= 0.0033589;h[110]= 0.0063297;h[111]= 0.0037841;
    h[112]= 0.0012512;h[113]= 0.0038197;h[114]= 0.0061953;h[115]= 0.0034930;
    h[116]= 0.0008084;h[117]= 0.0028613;h[118]= 0.0047704;h[119]= 0.0020046;
    h[120]=-0.0007126;h[121]= 0.0010175;h[122]= 0.0026644;h[123]= 0.0000000;
    h[124]=-0.0025771;h[125]=-0.0009519;h[126]= 0.0006447;
